87
43 18 56 20 11 41 15 65 3 87 37 73 32 19 28 85 9 55 47 1 70 34 58 63 12 51 2 57 5 54 61 7 81 4 22 67 72 36 84 38 0
52 73 2 4 8 41 82 53 42 18 45 30 65 87 9 14 33 48 84 1 23 39 50 17 6 55 19 46 51 25 0
77 6 32 73 41 21 58 10 25 81 54 83 15 45 59 61 86 63 71 55 11 67 22 13 3 51 68 85 56 57 50 7 47 65 37 39 19 28 60 80 0
69 28 53 54 32 73 71 10 13 22 66 11 34 65 37 49 55 26 19 87 2 23 41 17 60 46 0
44 80 46 1 42 25 34 45 84 48 41 20 10 55 54 68 52 49 51 82 0
31 33 37 54 34 10 66 4 55 52 69 3 44 46 67 61 7 11 51 35 73 62 24 72 25 47 63 26 45 30 84 15 28 53 16 59 57 2 17 60 21 80 68 36 56 20 48 14 38 32 12 85 65 27 1 81 58 50 5 49 13 19 18 71 39 41 87 0
71 31 0
77 83 6 21 60 59 30 84 82 34 52 13 72 22 28 24 19 16 66 32 80 51 69 9 5 65 36 18 62 0
44 49 62 48 50 42 24 22 86 27 85 60 84 87 45 17 21 54 6 80 23 33 53 19 20 14 82 67 5 65 69 81 47 30 70 39 57 68 3 63 51 36 61 15 13 0
55 58 19 57 38 2 20 1 8 45 63 31 80 9 49 6 21 32 73 71 85 35 52 66 43 65 23 3 15 37 30 84 12 47 87 33 7 26 56 14 5 83 72 48 81 24 34 4 60 28 41 27 51 22 69 10 0
70 20 53 31 21 6 72 43 34 57 9 38 8 47 11 5 83 33 60 15 85 18 59 73 52 66 25 87 46 84 30 7 2 35 23 39 37 58 41 71 19 56 48 1 80 28 55 49 62 68 13 14 67 69 45 16 61 0
65 33 42 1 32 25 10 55 62 85 70 56 24 48 58 9 80 37 60 69 44 6 46 59 30 84 7 0
33 61 30 50 72 24 49 65 45 41 53 6 26 81 0
68 4 30 65 44 85 58 45 25 28 86 5 70 55 18 24 57 46 47 16 0
10 34 87 5 67 43 35 28 27 68 72 69 31 33 17 16 30 44 82 50 41 85 71 0
28 2 54 68 11 9 56 10 55 18 81 0
60 30 83 17 82 6 70 37 35 43 18 65 87 33 22 25 36 85 8 63 24 62 4 69 59 66 80 9 49 44 52 68 11 34 47 86 12 0
8 55 66 35 80 27 12 3 44 19 45 54 73 31 83 38 39 48 20 50 37 85 5 0
61 30 10 73 1 14 57 9 67 0
2 39 35 46 19 83 22 41 52 51 12 38 69 17 43 73 55 85 16 87 26 8 21 58 24 71 20 23 61 9 56 5 45 25 72 54 50 65 53 59 18 3 37 63 32 68 6 1 66 28 44 30 82 31 49 62 67 11 34 0
63 30 13 35 28 80 44 5 20 82 67 4 33 27 46 56 72 34 1 71 41 12 59 16 84 8 51 32 7 62 38 0
34 24 65 23 39 72 55 18 70 46 21 50 69 44 53 51 58 63 81 47 22 87 86 37 8 19 71 15 28 13 16 1 36 49 42 2 3 31 27 57 25 6 73 7 41 52 32 45 54 56 0
12 46 20 23 69 7 31 67 50 56 28 26 87 2 38 32 33 84 14 44 63 58 49 3 48 51 15 68 0
47 17 19 7 1 30 62 59 69 52 84 37 54 21 35 43 60 70 42 56 27 5 41 32 71 34 26 55 39 12 86 33 51 85 24 20 10 14 61 36 18 6 4 25 2 73 68 45 15 23 48 83 13 0
69 53 11 33 1 31 54 67 28 68 52 62 46 50 63 32 73 6 16 26 71 35 83 51 84 25 82 19 20 36 27 43 49 10 58 30 42 70 56 72 15 57 0
33 60 11 37 82 57 46 28 56 9 65 21 23 25 7 0
19 45 21 30 18 48 33 52 9 53 32 50 2 35 38 85 0
54 80 1 9 5 7 71 42 19 17 34 72 26 61 11 59 66 63 47 15 53 83 49 41 65 35 39 87 86 56 32 69 50 57 51 67 48 14 24 33 31 27 84 10 0
29 81 67 17 87 52 54 65 6 83 38 31 35 26 42 58 80 34 57 69 49 0
24 43 56 28 36 82 58 84 44 87 41 23 16 71 57 31 12 67 80 22 35 6 81 63 60 15 37 62 1 70 49 3 47 39 72 25 48 54 21 0
27 56 60 70 28 12 6 26 71 42 55 2 65 0
65 32 45 7 22 48 19 46 33 37 28 35 56 15 5 72 82 58 16 14 80 30 36 0
5 54 32 6 60 53 65 82 39 2 36 8 61 23 14 4 11 83 49 33 68 15 24 67 21 50 12 56 69 55 20 37 27 41 70 13 48 28 43 42 47 45 38 19 17 72 59 16 35 1 81 25 18 3 58 22 87 71 44 80 30 46 52 57 73 9 10 63 26 85 86 7 51 0
60 44 24 48 4 63 13 23 58 1 69 6 62 42 26 38 80 57 49 67 87 51 22 56 10 73 34 7 11 71 50 66 68 55 39 20 41 32 18 81 8 3 2 35 52 61 5 30 59 82 15 27 84 45 83 0
63 23 81 54 14 34 49 9 73 25 47 85 84 7 83 1 41 6 55 32 61 39 48 36 21 43 17 10 53 59 26 50 68 33 4 72 65 28 22 44 86 60 37 3 38 0
60 59 0
53 59 2 63 7 51 52 27 8 50 36 80 57 21 69 46 26 66 37 19 18 28 9 48 34 39 65 11 54 0
63 10 58 43 81 11 21 80 65 61 83 39 15 69 87 54 45 73 59 70 33 17 31 57 62 50 36 1 47 85 67 16 19 53 22 60 32 30 12 56 38 55 6 72 20 41 51 14 7 52 71 84 44 35 66 86 46 82 5 23 26 2 28 25 27 4 49 13 37 8 48 18 68 0
12 83 15 55 39 56 69 30 32 20 67 35 49 43 24 85 53 34 9 19 81 28 6 31 0
82 44 72 81 28 73 39 23 25 45 26 9 42 46 14 53 51 37 24 31 7 86 2 13 10 8 20 70 16 19 43 18 22 69 59 58 35 60 84 50 32 3 83 87 6 15 1 54 48 41 12 38 11 30 71 63 47 68 57 80 36 65 62 4 49 61 66 5 56 33 52 21 34 85 27 67 55 0
14 9 68 42 31 30 3 63 54 41 56 80 32 10 18 62 82 71 55 22 85 19 87 65 26 8 33 2 57 11 24 84 67 50 36 23 27 15 20 46 13 49 60 73 52 38 45 4 58 44 7 61 86 70 69 48 53 28 17 1 6 83 72 59 43 5 16 25 34 39 51 35 12 0
45 85 14 11 87 1 34 81 56 51 0
75 16 47 34 60 37 2 14 80 85 46 38 33 0
48 45 6 59 24 21 32 18 51 83 55 31 26 87 13 72 4 10 1 35 27 34 46 73 53 67 49 0
33 3 12 63 44 4 51 0
36 51 18 25 63 54 57 21 66 17 73 35 31 49 50 82 23 11 9 2 53 72 4 41 15 14 55 39 3 38 27 24 60 81 87 33 65 30 43 62 5 69 84 68 59 61 8 1 6 22 16 20 67 46 19 44 71 42 58 13 28 56 32 83 85 12 48 70 80 47 26 37 86 34 10 45 0
36 67 6 27 32 80 57 8 73 31 13 17 18 28 86 72 52 68 60 7 69 45 46 33 71 44 14 65 51 66 16 35 49 70 62 61 1 39 63 37 38 42 0
64 81 31 0
64 13 26 28 62 47 36 32 7 70 5 63 11 3 17 51 84 42 10 27 67 43 59 18 15 19 2 30 83 4 39 21 45 86 35 31 50 66 53 46 54 24 55 9 69 87 73 82 6 68 0
6 23 63 30 8 28 33 56 66 46 2 43 34 4 54 61 10 3 67 11 42 9 82 20 26 38 39 21 25 24 44 53 65 69 32 48 35 50 5 84 37 1 71 36 87 7 14 57 12 52 16 22 17 62 41 13 49 31 59 27 73 51 83 18 47 86 81 55 60 80 19 70 68 0
40 67 20 34 17 26 19 18 31 69 41 38 30 60 68 70 72 23 80 6 61 56 22 28 7 51 45 11 4 52 55 33 39 35 12 58 50 65 84 1 53 85 3 81 48 10 46 16 87 27 47 59 15 83 2 25 43 71 73 9 14 24 54 63 49 0
62 33 86 41 6 39 12 28 70 18 53 30 63 22 25 0
29 73 85 84 45 50 11 81 35 87 23 36 18 48 47 58 8 42 57 10 0
77 86 83 52 2 4 53 58 82 80 49 5 23 26 39 9 13 51 36 25 47 72 46 50 60 48 28 54 67 57 8 3 1 7 22 20 87 11 35 15 61 42 24 31 68 62 0
6 23 44 70 57 17 42 27 3 7 14 4 84 48 5 20 54 73 83 21 50 45 15 18 47 58 53 71 37 41 26 82 86 0
30 13 39 36 71 59 32 82 27 15 7 63 17 20 52 21 2 12 70 0
42 23 31 66 43 5 9 60 71 25 13 85 73 54 47 52 63 6 12 46 50 36 19 22 26 86 87 48 56 24 17 8 0
82 60 55 7 48 18 46 22 9 13 69 70 15 81 31 20 53 85 1 51 83 28 36 10 73 0
58 21 33 6 72 67 39 19 59 12 18 43 41 63 69 2 9 44 82 32 10 81 28 13 47 31 1 42 60 14 24 37 56 35 16 4 68 62 61 73 0
33 83 25 59 23 42 12 6 61 62 54 11 66 24 18 81 27 21 22 43 60 58 30 73 86 7 37 26 80 53 3 10 82 55 67 41 50 72 49 39 31 5 14 34 87 51 45 85 57 0
40 3 15 49 57 22 68 6 46 27 55 10 56 58 83 42 23 37 59 54 61 1 28 5 84 35 16 8 50 13 39 62 30 52 65 70 25 4 31 41 33 7 14 36 11 45 72 12 48 17 80 34 71 47 73 82 86 81 51 9 18 20 85 44 43 26 19 2 67 63 21 53 38 24 87 0
73 39 31 11 37 3 49 48 52 6 54 16 24 12 70 8 66 82 21 10 86 30 60 0
75 28 41 60 57 82 44 19 87 68 16 22 7 33 24 27 35 9 63 32 46 8 26 69 54 25 67 86 1 49 66 83 5 17 58 53 38 4 73 55 11 14 36 80 23 62 30 6 10 61 15 70 13 12 42 45 2 59 20 50 18 21 48 81 0
0
70 31 87 1 20 21 48 27 6 41 42 8 17 11 56 69 84 54 83 33 60 38 82 53 13 80 61 32 18 51 14 3 58 63 43 34 0
84 56 87 25 31 59 45 3 30 38 63 36 16 19 83 53 34 47 33 68 82 73 43 50 41 32 44 85 62 27 14 8 65 9 39 20 54 4 2 80 37 72 10 61 57 24 18 58 13 23 69 71 51 6 48 5 21 86 1 49 67 11 26 70 35 52 17 60 15 7 12 66 46 28 55 22 0
22 38 46 44 45 25 15 14 36 48 55 73 9 12 2 68 52 80 26 8 6 84 69 43 18 32 28 70 61 50 54 72 23 30 87 34 65 60 20 27 62 67 63 13 85 31 47 35 82 71 7 16 42 0
73 86 41 2 16 26 83 50 39 21 30 25 61 49 7 22 15 48 69 35 8 9 55 19 43 82 57 32 17 11 13 37 85 31 18 59 52 20 42 67 14 33 27 62 23 60 38 0
27 21 51 44 17 81 36 42 61 35 52 7 1 43 63 70 25 22 58 12 54 5 72 68 55 31 86 6 0
55 45 49 39 43 24 31 56 0
86 54 52 3 62 44 56 82 24 46 21 70 47 83 28 32 42 7 48 13 12 8 25 80 27 84 41 66 11 45 33 69 63 6 39 61 51 49 30 20 85 31 53 81 71 4 55 57 22 60 23 10 26 59 43 1 67 18 19 5 50 38 16 36 17 37 65 73 34 14 58 87 68 15 72 2 0
46 9 16 47 59 38 70 61 45 1 32 27 51 42 25 11 72 31 49 5 81 39 60 66 3 18 19 83 34 71 73 30 85 68 2 87 0
59 70 41 55 1 14 2 38 19 60 23 24 13 32 28 62 10 84 72 73 87 45 49 11 5 56 4 81 50 36 46 67 31 17 20 34 58 27 9 8 44 82 61 35 33 25 16 54 21 51 83 39 63 48 26 42 6 86 71 18 80 68 47 65 69 37 12 30 57 53 0
59 58 24 39 18 10 55 86 43 71 27 35 32 49 2 38 83 36 54 80 26 23 16 52 87 7 56 15 69 8 65 41 9 61 70 57 12 37 51 44 45 28 34 20 72 68 25 33 85 46 63 48 53 50 73 6 60 19 82 67 0
11 47 52 8 0
15 1 87 49 36 55 71 21 61 30 14 38 5 73 86 6 3 51 23 66 35 83 46 25 59 63 58 20 8 72 31 2 52 65 11 24 42 37 41 16 12 45 10 54 17 32 4 0
48 82 69 57 15 67 62 0
38 34 51 54 22 28 72 73 31 46 30 52 36 13 14 0
12 42 28 66 14 69 80 4 31 87 49 54 60 72 58 82 83 52 38 63 50 62 57 70 47 85 53 0
35 14 44 32 60 84 5 31 13 70 61 2 68 23 52 72 17 26 69 42 7 11 4 25 71 18 49 19 55 45 56 67 47 12 62 8 51 34 53 10 41 66 82 58 85 16 83 6 3 59 20 86 28 9 65 63 0
82 80 5 16 48 9 62 44 33 34 6 14 42 71 41 25 61 72 22 73 63 67 0
18 83 70 55 50 10 15 21 7 42 28 53 12 69 65 23 31 0
21 61 67 51 41 1 12 53 83 56 55 65 24 17 7 62 73 10 9 35 26 71 0
63 66 62 33 23 30 41 28 10 84 38 59 4 55 19 21 50 87 13 12 69 24 39 6 35 5 31 7 37 0
40 27 35 71 67 66 12 42 47 11 10 70 33 87 21 23 9 7 4 65 25 52 56 85 19 59 2 46 1 86 60 28 14 68 54 61 50 62 57 69 58 48 81 49 80 63 3 8 37 20 6 84 26 13 38 53 82 45 31 34 15 32 39 22 41 83 72 55 36 0
76 59 53 72 31 52 39 51 49 83 73 4 34 25 55 17 8 54 21 14 32 68 58 66 26 13 45 65 15 62 86 38 0
46 28 10 31 35 37 48 8 43 15 70 20 4 71 63 38 82 41 42 52 36 51 80 16 5 7 68 11 55 44 62 2 60 81 30 18 87 57 45 56 86 61 23 6 3 34 59 58 67 53 66 32 1 73 54 65 9 14 13 49 84 22 0
